-2 swap 18 21 0 1
-2 swap 18 21 1 0
-2 swap 18 21 0 1
-2 swap 18 21 1 0
-2 swap 18 21 0 1
16443 cx 21 23 0 19
16446 cx 21 23 0 19
-1 swap 18 21 1 0
16450 cx 21 23 1 19
16455 cx 21 23 1 19
-1 swap 23 24 19 3
16460 cx 25 24 2 19
16465 cx 25 24 2 19
16470 cx 23 24 3 19
16475 cx 23 24 3 19
-1 swap 24 25 19 2
16480 cx 26 25 4 19
16485 cx 26 25 4 19
16490 cx 22 25 5 19
16495 cx 22 25 5 19
-1 swap 22 25 5 19
-1 swap 19 22 7 19
16500 cx 20 19 6 19
16505 cx 20 19 6 19
16510 cx 22 19 7 19
16515 cx 22 19 7 19
16520 cx 16 19 8 19
16525 cx 16 19 8 19
-1 swap 16 19 8 19
16530 cx 14 16 9 19
16535 cx 14 16 9 19
-1 swap 14 16 9 19
16540 cx 11 14 10 19
16545 cx 11 14 10 19
16550 cx 13 14 11 19
16555 cx 13 14 11 19
-1 swap 13 14 11 19
-1 swap 12 13 13 19
16560 cx 15 12 12 19
16565 cx 15 12 12 19
16570 cx 13 12 13 19
16575 cx 13 12 13 19
16580 cx 10 12 14 19
16585 cx 10 12 14 19
-1 swap 10 12 14 19
-1 swap 7 10 17 19
16590 cx 6 7 15 19
16595 cx 6 7 15 19
16600 cx 4 7 16 19
16605 cx 4 7 16 19
16610 cx 10 7 17 19
16615 cx 10 7 17 19
-1 swap 1 4 18 16
16620 cx 4 7 18 19
16625 cx 4 7 18 19
-1 swap 4 7 18 19
16632 cx 10 7 17 18
16634 cx 10 7 17 18
-1 swap 1 4 16 19
16638 cx 4 7 16 18
16640 cx 4 7 16 18
16648 cx 6 7 15 18
16650 cx 6 7 15 18
-1 swap 7 10 18 17
16641 cx 4 7 16 17
16662 cx 12 10 14 18
16643 cx 4 7 16 17
16664 cx 12 10 14 18
16651 cx 6 7 15 17
16653 cx 6 7 15 17
-1 swap 10 12 18 14
16665 cx 10 7 14 17
16680 cx 13 12 13 18
16667 cx 10 7 14 17
16682 cx 13 12 13 18
16702 cx 15 12 12 18
16704 cx 15 12 12 18
-1 swap 7 10 17 14
-1 swap 4 7 16 14
16654 cx 6 7 15 16
16656 cx 6 7 15 16
16668 cx 4 7 14 16
16670 cx 4 7 14 16
-1 swap 12 13 18 13
16683 cx 12 10 13 17
16728 cx 14 13 11 18
16685 cx 12 10 13 17
16730 cx 14 13 11 18
-1 swap 10 12 17 13
16686 cx 10 7 13 16
16705 cx 15 12 12 17
16688 cx 10 7 13 16
16707 cx 15 12 12 17
-1 swap 13 14 18 11
16731 cx 13 12 11 17
16758 cx 11 14 10 18
16733 cx 13 12 11 17
16760 cx 11 14 10 18
16792 cx 16 14 9 18
16794 cx 16 14 9 18
-1 swap 14 16 18 9
16796 cx 19 16 8 18
16798 cx 19 16 8 18
-1 swap 12 13 17 11
-1 swap 13 14 17 9
16761 cx 11 14 10 17
16763 cx 11 14 10 17
16828 cx 13 14 9 17
16830 cx 13 14 9 17
-1 swap 16 19 18 8
16800 cx 22 19 7 18
16832 cx 16 14 8 17
16802 cx 22 19 7 18
16834 cx 16 14 8 17
16804 cx 20 19 6 18
16806 cx 20 19 6 18
-1 swap 7 10 16 13
-1 swap 10 12 16 11
16708 cx 15 12 12 16
16710 cx 15 12 12 16
16734 cx 10 12 11 16
16736 cx 10 12 11 16
-1 swap 14 16 17 8
-1 swap 19 22 18 7
16808 cx 25 22 5 18
16836 cx 19 16 7 17
16810 cx 25 22 5 18
16838 cx 19 16 7 17
-1 swap 22 25 18 5
16812 cx 26 25 4 18
16814 cx 26 25 4 18
-1 swap 24 25 2 18
16816 cx 23 24 3 18
16818 cx 23 24 3 18
16820 cx 25 24 2 18
16822 cx 25 24 2 18
-1 swap 23 24 3 18
16824 cx 21 23 1 18
16826 cx 21 23 1 18
-1 swap 11 14 10 8
-1 swap 12 13 16 9
16764 cx 14 13 10 16
16766 cx 14 13 10 16
16868 cx 12 13 9 16
16870 cx 12 13 9 16
-1 swap 6 7 15 13
16671 cx 4 7 14 15
16673 cx 4 7 14 15
16689 cx 6 7 13 15
16691 cx 6 7 13 15
-1 swap 16 19 17 7
16840 cx 20 19 6 17
16842 cx 20 19 6 17
16844 cx 22 19 5 17
16846 cx 22 19 5 17
-1 swap 12 15 9 12
-1 swap 7 10 15 11
16711 cx 12 10 12 15
16713 cx 12 10 12 15
16737 cx 7 10 11 15
16739 cx 7 10 11 15
-1 swap 4 7 14 11
16692 cx 6 7 13 14
16694 cx 6 7 13 14
-1 swap 10 12 15 12
16714 cx 10 7 12 14
16716 cx 10 7 12 14
16740 cx 4 7 11 14
16742 cx 4 7 11 14
-1 swap 13 14 16 10
16767 cx 13 12 10 15
16872 cx 11 14 8 16
16769 cx 13 12 10 15
16874 cx 11 14 8 16
16876 cx 16 14 7 16
16908 cx 15 12 9 15
16878 cx 16 14 7 16
16910 cx 15 12 9 15
-1 swap 7 10 14 12
16717 cx 7 6 12 13
16719 cx 7 6 12 13
-1 swap 6 7 13 12
16743 cx 4 7 11 13
16745 cx 4 7 11 13
-1 swap 25 26 2 4
-1 swap 19 22 17 5
16848 cx 25 22 4 17
16850 cx 25 22 4 17
-1 swap 14 16 16 7
-1 swap 12 13 15 10
16770 cx 12 10 10 14
16772 cx 12 10 10 14
-1 swap 10 12 14 10
16773 cx 10 7 10 13
16948 cx 15 12 9 14
16775 cx 10 7 10 13
16950 cx 15 12 9 14
-1 swap 13 14 15 7
16912 cx 11 14 8 15
16914 cx 11 14 8 15
16916 cx 13 14 7 15
16918 cx 13 14 7 15
-1 swap 16 19 16 5
16880 cx 20 19 6 16
16882 cx 20 19 6 16
16884 cx 16 19 5 16
16886 cx 16 19 5 16
-1 swap 22 25 17 4
16852 cx 24 25 3 17
16888 cx 22 19 4 16
16854 cx 24 25 3 17
16890 cx 22 19 4 16
16856 cx 26 25 2 17
16858 cx 26 25 2 17
-1 swap 24 25 3 17
-1 swap 21 23 1 18
16860 cx 23 24 1 17
16862 cx 23 24 1 17
-1 swap 23 24 1 17
-1 swap 18 21 0 18
16864 cx 21 23 0 17
16866 cx 21 23 0 17
-1 swap 19 22 16 4
16892 cx 25 22 3 16
16894 cx 25 22 3 16
-1 swap 19 20 4 6
-1 swap 14 16 15 5
16920 cx 19 16 6 15
16922 cx 19 16 6 15
16924 cx 14 16 5 15
16926 cx 14 16 5 15
-1 swap 22 25 16 3
16896 cx 26 25 2 16
16898 cx 26 25 2 16
16900 cx 24 25 1 16
16902 cx 24 25 1 16
-1 swap 21 23 0 17
-1 swap 11 14 8 5
-1 swap 24 25 1 16
16904 cx 23 24 0 16
16906 cx 23 24 0 16
-1 swap 16 19 15 6
16928 cx 20 19 4 15
16930 cx 20 19 4 15
16932 cx 22 19 3 15
16934 cx 22 19 3 15
-1 swap 12 13 14 7
16952 cx 14 13 8 14
16954 cx 14 13 8 14
16956 cx 12 13 7 14
16958 cx 12 13 7 14
-1 swap 13 14 14 8
16960 cx 16 14 6 14
16962 cx 16 14 6 14
16964 cx 11 14 5 14
16966 cx 11 14 5 14
-1 swap 7 10 13 10
-1 swap 12 15 7 9
16988 cx 12 10 9 13
16990 cx 12 10 9 13
-1 swap 10 12 13 9
16992 cx 13 12 8 13
16994 cx 13 12 8 13
16996 cx 15 12 7 13
16998 cx 15 12 7 13
-1 swap 6 7 12 10
16746 cx 4 7 11 12
16748 cx 4 7 11 12
16776 cx 6 7 10 12
16778 cx 6 7 10 12
17028 cx 10 7 9 12
17030 cx 10 7 9 12
-1 swap 7 10 12 9
-1 swap 4 7 11 9
16779 cx 6 7 10 11
16781 cx 6 7 10 11
17068 cx 4 7 9 11
17070 cx 4 7 9 11
-1 swap 12 13 13 8
17032 cx 12 10 8 12
17034 cx 12 10 8 12
-1 swap 19 22 15 3
-1 swap 22 25 15 1
16936 cx 26 25 2 15
16938 cx 26 25 2 15
16940 cx 22 25 1 15
16942 cx 22 25 1 15
-1 swap 23 24 0 16
16944 cx 24 25 0 15
16946 cx 24 25 0 15
-1 swap 14 16 14 6
17000 cx 14 13 6 13
17002 cx 14 13 6 13
-1 swap 16 19 14 3
16968 cx 20 19 4 14
16970 cx 20 19 4 14
16972 cx 16 19 3 14
16974 cx 16 19 3 14
-1 swap 10 12 12 8
17036 cx 15 12 7 12
17072 cx 10 7 8 11
17038 cx 15 12 7 12
17074 cx 10 7 8 11
-1 swap 13 14 13 6
17004 cx 11 14 5 13
17040 cx 13 12 6 12
17006 cx 11 14 5 13
17042 cx 13 12 6 12
-1 swap 25 26 15 2
-1 swap 19 22 14 1
16976 cx 25 22 2 14
16978 cx 25 22 2 14
16980 cx 19 22 1 14
16982 cx 19 22 1 14
-1 swap 19 20 1 4
-1 swap 14 16 13 3
17008 cx 19 16 4 13
17010 cx 19 16 4 13
17012 cx 14 16 3 13
17014 cx 14 16 3 13
-1 swap 22 25 14 2
16984 cx 24 25 0 14
16986 cx 24 25 0 14
-1 swap 11 14 5 3
-1 swap 16 19 13 4
17016 cx 22 19 2 13
17018 cx 22 19 2 13
17020 cx 20 19 1 13
17022 cx 20 19 1 13
-1 swap 12 13 12 6
17044 cx 14 13 5 12
17046 cx 14 13 5 12
-1 swap 24 25 0 14
-1 swap 19 22 13 2
17024 cx 25 22 0 13
17026 cx 25 22 0 13
-1 swap 7 10 11 8
-1 swap 10 12 11 6
17076 cx 15 12 7 11
17078 cx 15 12 7 11
17080 cx 10 12 6 11
17082 cx 10 12 6 11
-1 swap 13 14 12 5
17048 cx 16 14 4 12
17084 cx 13 12 5 11
17050 cx 16 14 4 12
17086 cx 13 12 5 11
17052 cx 11 14 3 12
17054 cx 11 14 3 12
-1 swap 6 7 10 8
17108 cx 4 7 9 10
17110 cx 4 7 9 10
17112 cx 6 7 8 10
17114 cx 6 7 8 10
-1 swap 14 16 12 4
17056 cx 19 16 2 12
17058 cx 19 16 2 12
-1 swap 16 19 12 2
17060 cx 20 19 1 12
17062 cx 20 19 1 12
-1 swap 12 13 11 5
17088 cx 14 13 4 11
17090 cx 14 13 4 11
-1 swap 12 15 5 7
-1 swap 7 10 10 6
17116 cx 12 10 7 10
17118 cx 12 10 7 10
17120 cx 7 10 6 10
17122 cx 7 10 6 10
-1 swap 4 7 9 6
17150 cx 6 7 8 9
17152 cx 6 7 8 9
-1 swap 10 12 10 7
17124 cx 15 12 5 10
17156 cx 10 7 7 9
17126 cx 15 12 5 10
17158 cx 10 7 7 9
17166 cx 4 7 6 9
17168 cx 4 7 6 9
-1 swap 13 14 11 4
17092 cx 11 14 3 11
17128 cx 13 12 4 10
17094 cx 11 14 3 11
17130 cx 13 12 4 10
17096 cx 16 14 2 11
17098 cx 16 14 2 11
-1 swap 7 10 9 7
17159 cx 7 6 7 8
17161 cx 7 6 7 8
-1 swap 22 25 13 0
17064 cx 22 19 0 12
17066 cx 22 19 0 12
-1 swap 6 7 8 7
17169 cx 4 7 6 8
17171 cx 4 7 6 8
-1 swap 14 16 11 2
-1 swap 19 20 12 1
17100 cx 19 16 1 11
17102 cx 19 16 1 11
-1 swap 12 13 10 4
-1 swap 13 14 10 2
17132 cx 11 14 3 10
17134 cx 11 14 3 10
17136 cx 13 14 2 10
17138 cx 13 14 2 10
-1 swap 10 12 9 4
17180 cx 15 12 5 9
17182 cx 15 12 5 9
17198 cx 10 12 4 9
17200 cx 10 12 4 9
-1 swap 16 19 11 1
17104 cx 22 19 0 11
17140 cx 16 14 1 10
17106 cx 22 19 0 11
17142 cx 16 14 1 10
-1 swap 19 22 11 0
-1 swap 14 16 10 1
17144 cx 19 16 0 10
17146 cx 19 16 0 10
-1 swap 11 14 3 1
-1 swap 12 13 9 2
17220 cx 14 13 3 9
17222 cx 14 13 3 9
17246 cx 12 13 2 9
17248 cx 12 13 2 9
-1 swap 12 15 2 5
-1 swap 7 10 8 4
17183 cx 12 10 5 8
17185 cx 12 10 5 8
17201 cx 7 10 4 8
17203 cx 7 10 4 8
-1 swap 6 7 7 4
17172 cx 4 7 6 7
17174 cx 4 7 6 7
-1 swap 10 12 8 5
17186 cx 10 7 5 7
17188 cx 10 7 5 7
17204 cx 6 7 4 7
17206 cx 6 7 4 7
-1 swap 13 14 9 3
17223 cx 13 12 3 8
17276 cx 11 14 1 9
17225 cx 13 12 3 8
17278 cx 11 14 1 9
17249 cx 15 12 2 8
17251 cx 15 12 2 8
-1 swap 16 19 10 0
17310 cx 16 14 0 9
17312 cx 16 14 0 9
-1 swap 12 13 8 3
-1 swap 11 14 1 9
17279 cx 14 13 1 8
17281 cx 14 13 1 8
-1 swap 7 10 7 5
17189 cx 7 4 5 6
17226 cx 12 10 3 7
17191 cx 7 4 5 6
17228 cx 12 10 3 7
-1 swap 4 7 6 5
17207 cx 6 7 4 6
17209 cx 6 7 4 6
-1 swap 13 14 8 1
17313 cx 16 14 0 8
17315 cx 16 14 0 8
-1 swap 10 12 7 3
17229 cx 10 7 3 6
17252 cx 15 12 2 7
17231 cx 10 7 3 6
17254 cx 15 12 2 7
17282 cx 13 12 1 7
17284 cx 13 12 1 7
-1 swap 14 16 8 0
-1 swap 12 13 7 1
17316 cx 14 13 0 7
17318 cx 14 13 0 7
-1 swap 7 10 6 3
-1 swap 4 7 5 3
17210 cx 6 7 4 5
17212 cx 6 7 4 5
17232 cx 4 7 3 5
17234 cx 4 7 3 5
-1 swap 10 12 6 1
17255 cx 15 12 2 6
17257 cx 15 12 2 6
17285 cx 10 12 1 6
17287 cx 10 12 1 6
-1 swap 13 14 7 0
17319 cx 13 12 0 6
17321 cx 13 12 0 6
-1 swap 12 15 6 2
-1 swap 7 10 5 1
17258 cx 12 10 2 5
17260 cx 12 10 2 5
17288 cx 7 10 1 5
17290 cx 7 10 1 5
-1 swap 10 12 5 2
17322 cx 13 12 0 5
17324 cx 13 12 0 5
-1 swap 6 7 4 1
17235 cx 4 7 3 4
17237 cx 4 7 3 4
17261 cx 10 7 2 4
17263 cx 10 7 2 4
17291 cx 6 7 1 4
17293 cx 6 7 1 4
-1 swap 7 10 4 2
17264 cx 7 4 2 3
17266 cx 7 4 2 3
-1 swap 6 7 1 2
17294 cx 7 4 1 3
17296 cx 7 4 1 3
17297 cx 7 6 1 2
17299 cx 7 6 1 2
-1 swap 12 13 5 0
17325 cx 12 10 0 4
17327 cx 12 10 0 4
-1 swap 10 12 4 0
-1 swap 7 10 1 0
17328 cx 7 4 0 3
17330 cx 7 4 0 3
17331 cx 7 6 0 2
17333 cx 7 6 0 2
17334 cx 7 10 0 1
17336 cx 7 10 0 1